8.107522
8.107749
8.108719
8.108824
8.109236
8.109158
8.110693
8.111377
8.111421
8.113586
8.113882
8.113452
8.112878
8.113264
8.113621
8.111508
8.11487
8.114966
8.114742
8.114548
8.114318
8.113024
8.111279
8.109571
8.108214
8.107429
8.108832
8.109069
8.108764
8.110155
8.111028
8.111432
8.112314
8.113245
8.113065
8.114129
8.114842
8.115175
8.114587
8.115155
8.115229
8.114726
8.11595
8.116104
8.114968
8.115813
8.115879
8.116141
8.115938
8.115442
8.115
8.114928
8.115191
8.11492
8.115196
8.116223
8.115489
8.116439
8.116279
8.116528
8.116697
8.116409
8.114806
8.112972
8.111569
8.110102
8.10748
8.104965
8.105048
8.101632
8.097614
8.093492
8.091453
8.089687
8.088425
8.087229
8.085514
8.083905
8.082968
8.085661
8.085668
8.086073
8.085042
8.085601
8.087861
8.090446
8.091658
8.093369
8.095408
8.095369
8.095894
8.098088
8.098647
8.099337
8.100789
8.101264
8.101625
8.102851
8.102611
8.102586
8.102886
8.103994
8.104293
8.105211
8.105662
8.106206
8.106192
8.106444
8.107003
8.107196
8.106095
8.106199
8.10527
8.10572
8.10684
8.106962
8.107144
8.107189
8.105438
8.105978
8.106344
8.106166
8.105174
8.105244
8.106146
8.106131
8.107151
8.107439
8.106935
8.106871
8.107847
8.105846
8.105066
8.105647
8.105276
8.105391
8.106462
8.105763
8.105648
8.106639
8.107348
8.107288
8.106854
8.10743
8.107571
8.107898
8.110901
8.110611
8.110169
8.110294
8.109196
8.107054
8.105632
8.104666
8.103274
8.100979
8.100692
8.099455
8.098386
8.097337
8.097333
8.094804
8.094291
8.095154
8.095655
8.096796
8.09762
8.097901
8.098978
8.099171
8.100108
8.100498
8.101424
8.102388
8.102358
8.10323
8.10402
8.105252
8.10663
8.107243
8.105622
8.105831
8.106799
8.106268
8.106374
8.106861
8.104675
8.105205
8.105303
8.106168
8.105991
8.106608
8.106466
8.105957
8.106273
8.105986
8.105859
8.105683
8.105014
8.105438
8.105311
8.105198
8.10497
8.105215
8.105824
8.105222
8.104871
8.103848
8.102727
8.101516
8.098162
8.098005
8.098234
8.099392
8.099915
8.100637
8.100962
8.101571
8.102825
8.103123
8.102427
8.103724
8.104127
8.104108
8.105057
8.105341
8.10586
8.106142
8.106853
8.106797
8.10714
8.107137
8.105341
8.105391
8.106017
8.106204
8.106506
8.106914
8.105167
8.102945
8.100095
8.098855
8.097399
8.098444
8.100149
8.100205
8.100697
8.102679
8.104279
8.106307
8.108664
8.111646
8.113529
8.11532
8.118704
8.120644
8.125524
8.129862
8.133524
8.139669
8.142866
8.146808
8.149824
8.151556
8.154379
8.155943
8.159005
8.161498
8.16348
8.165515
8.16535
8.165956
8.166678
8.166733
8.168561
8.170839
8.173204
8.174945
8.175863
8.178095
8.179203
8.18103
8.183187
8.182367
8.181674
8.181737
8.18203
8.183237
8.182828
8.183332
8.18331
8.182618
8.182214
8.181553
8.1804
8.179373
8.179358
8.177748
8.177389
8.178032
8.177138
8.176585
8.175888
8.176086
8.176514
8.177858
8.178168
8.177798
8.180026
8.180687
8.181022
8.181062
8.180705
8.183008
8.185216
8.187791
8.18871
8.191217
8.192723
8.194673
8.195614
8.197508
8.198787
8.198031
8.20141
8.20005
8.199218
8.198474
8.198642
8.198219
8.197709
8.197052
8.197611
8.197919
8.199672
8.19984
8.199281
8.19999
8.199918
8.200745
8.2011
8.201156
8.601106
8.610669
8.620455
8.629286
8.637632
8.647272
8.656344
8.664964
8.67259
8.680341
8.687683
8.692783
8.697064
8.702391
8.708074
8.713878
8.720874
8.724892
8.729289
8.734981
8.737336
8.740447
8.741851
8.742848
8.743523
8.741959
8.741817
8.741722
8.742743
8.739294
8.735693
8.733667
8.733173
8.731284
8.72837
8.725149
8.721756
8.720887
8.71785
8.713859
8.709497
8.706643
8.703591
8.700985
8.699796
8.698461
8.69711
8.690974
8.685499
8.681307
8.676394
8.671388
8.667437
8.662753
8.659831
8.65502
8.649318
8.646391
8.641786
8.637126
8.635808
8.634552
8.633088
8.631944
8.629605
8.626626
8.623894
8.621698
8.61953
8.615579
8.613219
8.610106
8.607395
8.606905
8.607267
8.606663
8.606855
8.606931
8.606065
8.606209
8.606495
8.606587
8.603997
8.602573
8.602971
8.600776
8.599121
8.598336
8.59821
8.595656
8.595657
8.594884
8.593859
8.593182
8.592691
8.590887
8.58937
8.588045
8.587727
8.587742
8.587351
8.586593
8.586465
8.586843
8.584723
8.582653
8.581265
8.580687
8.580261
8.58113
8.581567
8.581615
8.582275
8.582721
8.583103
8.58182
8.582244
8.581771
8.581577
8.583438
8.582791
8.582509
8.581785
8.58111
8.580479
8.581043
8.582435
8.580978
8.580154
8.581382
8.580419
8.580106
8.580576
8.579377
8.57885
8.578802
8.578288
8.578317
8.578643
8.578599
8.580083
8.580768
8.582662
8.581539
8.580513
8.580535
8.579129
8.578676
8.578379
8.57848
8.577849
8.579254
8.578712
8.576407
8.574366
8.572817
8.570424
8.568547
8.567649
8.567057
8.56539
8.564228
8.564934
8.563542
8.562754
8.561806
8.56219
8.562496
8.563506
8.561554
8.561934
8.562753
8.563139
8.563455
8.564545
8.564924
8.564598
8.565433
8.565972
8.565795
8.565676
8.56529
8.564596
8.564459
8.564634
8.564384
8.563879
8.563591
8.562086
8.560827
8.559851
8.559774
8.558711
8.558489
8.558643
8.558817
8.558174
8.558977
8.558456
8.55815
8.55926
8.559341
8.558684
8.5589
8.559395
8.559178
8.559861
8.559881
8.559688
8.559045
8.558892
8.558993
8.5581
8.557528
8.558404
8.560079
8.560745
8.562814
8.563587
8.56531
8.56687
8.567319
8.568245
8.567867
8.568366
8.566573
8.565595
8.56503
8.563616
8.56246
8.562369
8.563051
8.562891
8.562867
8.561618
8.561186
8.560142
8.557319
8.554424
8.551972
8.550108
8.547357
8.545792
8.544591
8.543523
8.540904
8.539383
8.537567
8.537024
8.535963
8.536553
8.535297
8.535261
8.534018
8.533478
8.534285
8.533998
8.532786
8.532792
8.531267
8.530733
8.529615
8.528677
8.5279
8.526496
8.525938
8.524603
8.522948
8.523831
8.524249
8.523349
8.523313
8.522967
8.521891
8.520539
8.519193
8.517013
8.514784
8.51212
8.511115
8.508589
8.508476
8.507334
8.506739
8.507668
8.507537
8.506769
8.506776
8.506264
8.506054
8.507405
8.509145
8.510663
8.511344
8.513006
8.512923
8.513707
8.515406
8.516202
8.51657
8.517388
8.518744
8.51892
8.5179
8.518431
8.518568
8.518607
8.518557
8.517784
8.517321
8.517071
8.516952
8.516244
8.516223
8.516631
8.51608
8.517231
8.519347
8.519964
8.520254
8.526229
8.531192
8.535507
8.539632
8.543016
8.546506
8.550101
8.552319
8.55548
8.558665
8.562457
8.566034
8.569807
8.573252
8.576597
8.579602
8.583459
8.587323
8.589592
8.591898
8.594562
8.596846
8.598017
8.600815
8.602839
8.605451
8.607053
8.6071
8.605863
8.606159
8.60591
8.605744
8.606613
8.607262
8.607902
8.607568
8.606606
8.605971
8.603698
8.602894
8.599683
8.599816
8.600401
8.600558
8.60052
8.599082
8.597592
8.596436
8.594935
8.593052
8.588181
8.585609
8.583695
8.580829
8.576901
8.573608
8.572106
8.56939
8.566663
8.565142
8.560015
8.556306
8.555802
8.55479
8.553189
8.551889
8.550022
8.547253
8.545399
8.544369
8.54177
8.536139
8.532959
8.52897
8.526363
8.522432
8.518709
8.513561
8.511486
8.509361
8.508346
8.50898
8.510597
8.509058
8.509164
8.510247
8.511255
8.512008
8.512919
8.513913
8.514152
8.515445
8.51532
8.515325
8.515773
8.515467
8.515444
8.51555
8.517382
8.517889
8.522151
8.522428
8.524888
8.527336
8.529845
8.53158
8.534869
8.538609
8.541416
8.544286
8.54889
8.551024
8.552085
8.553782
8.55651
8.55754
8.559027
8.560802
8.562262
8.565498
8.569189
8.57195
8.57381
8.576464
8.578555
8.580783
8.582882
8.584865
8.587134
8.587477
8.590641
8.591605
8.591608
8.591573
8.591824
8.59111
8.59119
8.591601
8.591154
8.591148
8.591925
8.59174
8.592803
8.592039
8.59161
8.592061
8.593308
8.594376
8.594576
8.595917
8.596815
8.596604
8.596931
8.598
8.596978
8.59528
8.594636
8.593337
8.59311
8.59469
8.595206
8.598425
8.59921
8.600106
8.599497
8.598487
8.597559
8.596382
8.593625
8.593737
8.592653
8.590225
8.587731
8.584593
8.58112
8.5783
8.574072
8.568559
8.562963
8.557408
8.551877
8.547322
8.544026
8.539806
8.535899
8.53214
8.527158
8.522024
8.5179
8.514491
8.51166
8.510248
8.509222
8.507066
8.504658
8.503755
8.501836
8.499769
8.498145
8.497372
8.496212
8.493289
8.494361
8.493911
8.495557
8.498466
8.500148
8.502013
8.504629
8.506905
8.508945
8.509943
8.510966
8.512659
8.515736
8.516924
8.517757
8.520136
8.520642
8.521383
8.521634
8.522535
8.522548
8.522723
8.523303
8.524445
8.52822
8.530338
8.531282
8.532195
8.534112
8.535205
8.534398
8.534698
8.537737
8.540434
8.54289
8.545521
8.547608
8.549078
8.551407
8.553362
8.554595
8.556526
8.558194
8.559111
8.560186
8.562368
8.565429
8.567362
8.570528
8.572179
8.574068
8.576755
8.579203
8.58086
8.581354
8.582272
8.581902
8.581392
8.581588
8.582936
8.582756
8.582476
8.582426
8.582259
8.58327
8.584127
8.584588
8.584946
8.585211
8.585004
8.586297
8.586891
8.586338
8.586866
8.588372
8.588515
8.589094
8.590518
8.591744
8.591892
8.59222
8.592197
8.593074
8.593289
8.593996
8.591869
8.590579
8.59197
8.590711
8.58782
8.585437
8.583828
8.581566
8.579735
8.578096
8.575726
8.574233
8.573785
8.572226
8.568885
8.569453
8.568996
8.567546
8.567316
8.567224
8.566873
8.566736
8.566086
8.563684
8.563356
8.562912
8.562105
8.561739
8.561516
8.560585
8.560877
8.560927
8.561144
8.560806
8.560416
8.560107
8.55987
8.560278
8.559599
8.558643
8.556212
8.554369
8.552735
8.551607
8.54772
8.543065
8.537574
8.533567
8.529608
8.525944
8.522924
