176.530264
176.563178
176.645267
176.592337
176.507049
176.417317
176.376706
176.398731
176.321727
176.330924
176.285997
176.217418
176.373889
176.516797
176.599513
176.662867
176.656089
176.770659
176.813902
176.895463
177.025304
177.130245
177.251787
177.407268
177.549302
177.611959
177.792628
177.874914
177.880023
178.000261
178.091904
178.192068
178.222597
178.235072
178.178573
178.201044
178.273917
178.150166
178.147043
178.168396
178.211351
178.283012
178.153371
178.034142
177.890345
177.874353
177.739688
177.683533
177.595400
177.585132
177.503740
177.470488
177.590627
177.397682
177.564952
177.688457
177.802272
177.844849
177.930644
178.020823
178.119695
178.124973
178.148920
178.063968
178.099905
178.189484
178.181740
178.232771
178.215119
178.233295
178.273446
178.323345
178.401135
178.460141
178.589366
178.751628
178.812848
178.915095
179.048726
179.253453
179.443767
179.659940
180.038771
180.469530
180.811097
181.117351
181.406908
181.599754
182.011042
182.383648
182.649784
183.159505
183.599689
184.156922
184.730653
185.314122
186.050846
186.662427
187.255187
187.749364
188.566416
189.374259
190.043780
190.581587
191.210506
191.900542
192.596295
193.287447
193.772013
194.406990
195.097550
195.798587
196.369029
196.939951
197.463076
197.866868
198.271434
198.667038
199.411566
200.087899
200.651005
201.254031
201.848885
202.349732
202.892992
203.290441
203.819606
204.402321
204.762259
205.239032
205.708003
205.914520
206.111236
206.318592
206.496762
206.760081
207.064790
207.343339
207.574691
207.798147
208.149652
208.373058
208.647365
208.884618
208.949332
208.948577
209.020241
209.030442
209.049088
209.137875
209.148719
209.148646
209.163047
209.378283
209.500718
209.483394
209.660988
209.793603
209.857594
209.870666
210.065441
210.063735
210.120094
210.193942
210.239823
210.270670
210.399154
210.502898
210.589629
210.598660
210.582520
210.597209
210.639104
210.632677
210.588430
210.732620
210.869511
210.951740
210.971265
210.978851
210.889105
210.834015
210.809508
210.739660
210.687664
210.641777
210.721834
210.671932
210.690581
210.687750
210.530946
210.566160
210.573127
210.613030
210.648244
210.679320
210.619948
210.500043
210.596754
210.643524
210.535315
210.594127
210.602630
210.552269
210.628377
210.652143
210.639363
210.661838
210.643096
210.602447
210.590683
210.464573
210.401502
210.249400
210.327342
210.396125
210.384495
210.480317
210.502193
210.511854
210.491447
210.526482
210.407915
210.438298
210.600129
210.738122
210.835790
210.994313
211.110099
211.149592
211.165157
211.260868
211.316400
211.230389
211.303969
211.330326
211.368053
211.304905
211.249177
211.142133
211.259838
211.199761
211.108168
211.051447
211.001391
210.894530
210.843624
210.846921
210.763033
210.703468
210.699123
210.690466
210.702115
210.736505
210.728278
210.696907
210.698155
210.718544
210.722072
210.816804
210.890760
210.941561
210.923705
210.980278
210.972340
210.936401
210.899864
210.925484
