8.165956
8.166678
8.166733
8.168561
8.170839
8.173204
8.174945
8.175863
8.178095
8.179203
8.181030
8.183187
8.182367
8.181674
8.181737
8.182030
8.183237
8.182828
8.183332
8.183310
8.182618
8.182214
8.181553
8.180400
8.179373
8.179358
8.177748
8.177389
8.178032
8.177138
8.176585
8.175888
8.176086
8.176514
8.177858
8.178168
8.177798
8.180026
8.180687
8.181022
8.181062
8.180705
8.183008
8.185216
8.187791
8.188710
8.191217
8.192723
8.194673
8.195614
8.197508
8.198787
8.198031
8.201410
8.200050
8.199218
8.198474
8.198642
8.198219
8.197709
8.197052
8.197611
8.197919
8.199672
8.199840
8.199281
8.199990
8.199918
8.200745
8.201100
8.201156
8.601106
8.610669
8.620455
8.629286
8.637632
8.647272
8.656344
8.664964
8.672590
8.680341
8.687683
8.692783
8.697064
8.702391
8.708074
8.713878
8.720874
8.724892
8.729289
8.734981
8.737336
8.740447
8.741851
8.742848
8.743523
8.741959
8.741817
8.741722
8.742743
8.739294
8.735693
8.733667
8.733173
8.731284
8.728370
8.725149
8.721756
8.720887
8.717850
8.713859
8.709497
8.706643
8.703591
8.700985
8.699796
8.698461
8.697110
8.690974
8.685499
8.681307
8.676394
8.671388
8.667437
8.662753
8.659831
8.655020
8.649318
8.646391
8.641786
8.637126
8.635808
8.634552
8.633088
8.631944
8.629605
8.626626
8.623894
8.621698
8.619530
8.615579
8.613219
8.610106
8.607395
8.606905
8.607267
8.606663
8.606855
8.606931
8.606065
8.606209
8.606495
8.606587
8.603997
8.602573
8.602971
8.600776
8.599121
8.598336
8.598210
8.595656
8.595657
8.594884
8.593859
8.593182
8.592691
8.590887
8.589370
8.588045
8.587727
8.587742
8.587351
8.586593
8.586465
8.586843
8.584723
8.582653
8.581265
8.580687
8.580261
8.581130
8.581567
8.581615
8.582275
8.582721
8.583103
8.581820
8.582244
8.581771
8.581577
8.583438
8.582791
8.582509
8.581785
8.581110
8.580479
8.581043
8.582435
8.580978
8.580154
8.581382
8.580419
8.580106
8.580576
8.579377
8.578850
8.578802
8.578288
8.578317
8.578643
8.578599
8.580083
8.580768
8.582662
8.581539
8.580513
8.580535
8.579129
8.578676
8.578379
8.578480
8.577849
8.579254
8.578712
8.576407
8.574366
8.572817
8.570424
8.568547
8.567649
8.567057
8.565390
8.564228
8.564934
8.563542
8.562754
8.561806
8.562190
8.562496
8.563506
8.561554
8.561934
8.562753
8.563139
8.563455
8.564545
8.564924
8.564598
8.565433
8.565972
8.565795
8.565676
8.565290
8.564596
8.564459
8.564634
8.564384
8.563879
8.563591
8.562086
8.560827
8.559851
8.559774
8.558711
8.558489
8.558643
8.558817
8.558174
