180.19803
180.176091
180.098864
180.088577
180.055388
180.059854
179.943243
179.893377
179.892769
179.733104
179.717575
179.756912
179.806094
179.781987
179.760713
179.925177
179.674908
179.67586
179.700811
179.72283
179.747084
179.850463
179.985093
180.113548
180.212442
180.265962
180.154066
180.13247
180.151988
180.04384
179.977331
179.94757
179.882729
179.815864
179.834008
179.758401
179.710966
179.693216
179.745059
179.708837
179.710624
179.755601
179.669919
179.666635
179.760179
179.702891
179.705378
179.693106
179.71603
179.760371
179.799502
179.809925
179.795012
179.820428
179.804282
179.732168
179.793901
179.727829
179.746673
179.734371
179.728336
179.756765
179.883117
180.023554
180.128201
180.235018
180.425725
180.603667
180.582285
180.823806
181.104456
181.385884
181.504047
181.598682
181.653264
181.701433
181.78734
181.863153
181.88666
181.637368
181.595786
181.525335
181.564426
181.483194
181.276489
181.050674
180.933368
180.781626
180.609137
180.596756
180.542431
180.364294
180.313174
180.253594
180.138329
180.099294
180.069668
179.976014
179.994628
179.996589
179.974209
179.891772
179.872065
179.806452
179.777482
179.742271
179.749774
179.737108
179.701819
179.694787
179.785023
179.782681
179.857767
179.827588
179.747914
179.74511
179.737813
179.741018
179.878864
179.841385
179.817954
179.835853
179.914335
179.911264
179.845867
179.850842
179.778079
179.762086
179.805838
179.815516
179.746904
179.903347
179.964254
179.921563
179.951398
179.943972
179.865088
179.920847
179.931477
179.858883
179.809286
179.818559
179.855674
179.816098
179.810104
179.790349
179.570388
179.60291
179.646077
179.645595
179.736789
179.904064
180.013108
180.085228
180.18745
180.354814
180.367495
180.451016
180.519901
180.585514
180.571087
180.746415
180.766124
180.682253
180.627526
180.526187
180.451222
180.41882
180.327538
180.304847
180.226958
180.191975
180.117705
180.042517
180.043673
179.977184
179.918508
179.82815
179.729121
179.689949
179.819329
179.808134
179.740389
179.78669
179.784152
179.75298
179.923175
179.885311
179.880829
179.819008
179.836783
179.794604
179.810424
179.853318
179.833307
179.859045
179.872115
179.888472
179.941483
179.911112
179.922886
179.933277
179.952091
179.93494
179.890871
179.938778
179.96659
180.044176
180.127112
180.214769
180.460898
180.461113
180.432371
180.334675
180.287035
180.225705
180.195691
180.145094
180.0474
180.023872
180.075439
179.976285
179.946647
179.949423
179.879543
179.861272
179.82586
179.809075
179.760508
179.770691
179.750744
179.757252
179.898012
179.89686
179.852444
179.84218
179.823477
179.797328
179.93338
180.101665
180.312863
180.397982
180.497209
180.406361
180.268323
180.257412
180.214029
180.060014
179.938562
179.787983
179.616521
179.402519
179.27635
179.160185
178.927473
178.808903
178.472806
178.185846
177.956715
177.547159
177.368966
177.13938
176.984991
176.930719
176.796026
176.759136
176.610851
176.508922
176.447902
176.384409
176.487504
176.530264
176.563178
176.645267
176.592337
176.507049
176.417317
176.376706
176.398731
176.321727
176.330924
176.285997
176.217418
176.373889
176.516797
176.599513
176.662867
176.656089
176.770659
176.813902
176.895463
177.025304
177.130245
177.251787
177.407268
177.549302
177.611959
177.792628
177.874914
177.880023
178.000261
178.091904
178.192068
178.222597
178.235072
178.178573
178.201044
178.273917
178.150166
178.147043
178.168396
178.211351
178.283012
178.153371
178.034142
177.890345
177.874353
177.739688
177.683533
177.5954
177.585132
177.50374
177.470488
177.590627
177.397682
177.564952
177.688457
177.802272
177.844849
177.930644
178.020823
178.119695
178.124973
178.14892
178.063968
178.099905
178.189484
178.18174
178.232771
178.215119
178.233295
178.273446
178.323345
178.401135
178.460141
178.589366
178.751628
178.812848
178.915095
179.048726
179.253453
179.443767
179.65994
180.038771
180.46953
180.811097
181.117351
181.406908
181.599754
182.011042
182.383648
182.649784
183.159505
183.599689
184.156922
184.730653
185.314122
186.050846
186.662427
187.255187
187.749364
188.566416
189.374259
190.04378
190.581587
191.210506
191.900542
192.596295
193.287447
193.772013
194.40699
195.09755
195.798587
196.369029
196.939951
197.463076
197.866868
198.271434
198.667038
199.411566
200.087899
200.651005
201.254031
201.848885
202.349732
202.892992
203.290441
203.819606
204.402321
204.762259
205.239032
205.708003
205.91452
206.111236
206.318592
206.496762
206.760081
207.06479
207.343339
207.574691
207.798147
208.149652
208.373058
208.647365
208.884618
208.949332
208.948577
209.020241
209.030442
209.049088
209.137875
209.148719
209.148646
209.163047
209.378283
209.500718
209.483394
209.660988
209.793603
209.857594
209.870666
210.065441
210.063735
210.120094
210.193942
210.239823
210.27067
210.399154
210.502898
210.589629
210.59866
210.58252
210.597209
210.639104
210.632677
210.58843
210.73262
210.869511
210.95174
210.971265
210.978851
210.889105
210.834015
210.809508
210.73966
210.687664
210.641777
210.721834
210.671932
210.690581
210.68775
210.530946
210.56616
210.573127
210.61303
210.648244
210.67932
210.619948
210.500043
210.596754
210.643524
210.535315
210.594127
210.60263
210.552269
210.628377
210.652143
210.639363
210.661838
210.643096
210.602447
210.590683
210.464573
210.401502
210.2494
210.327342
210.396125
210.384495
210.480317
210.502193
210.511854
210.491447
210.526482
210.407915
210.438298
210.600129
210.738122
210.83579
210.994313
211.110099
211.149592
211.165157
211.260868
211.3164
211.230389
211.303969
211.330326
211.368053
211.304905
211.249177
211.142133
211.259838
211.199761
211.108168
211.051447
211.001391
210.89453
210.843624
210.846921
210.763033
210.703468
210.699123
210.690466
210.702115
210.736505
210.728278
210.696907
210.698155
210.718544
210.722072
210.816804
210.89076
210.941561
210.923705
210.980278
210.97234
210.936401
210.899864
210.925484
210.842009
210.859961
210.861338
210.756467
210.731428
210.762374
210.726997
210.671667
210.671058
210.603012
210.586361
210.586132
210.619684
210.61554
210.592594
210.644676
210.671349
210.588803
210.448447
210.387271
210.222375
210.158831
210.0256
209.908024
209.876594
209.810281
209.843379
209.809902
209.94913
210.023778
210.065544
210.169911
210.252371
210.25281
210.195333
210.202475
210.199133
210.287803
210.313012
210.383479
210.585506
210.787904
210.952053
211.067982
211.247442
211.333484
211.390128
211.435294
211.595704
211.669756
211.76404
211.760448
211.795854
211.706549
211.757933
211.716482
211.766698
211.762794
211.658085
211.638011
211.687804
211.644949
211.718037
211.715028
211.755772
211.782084
211.79566
211.855861
211.851124
211.904808
211.981116
211.86522
211.787052
211.809688
211.766978
211.748574
211.785376
211.841964
211.896724
212.012559
212.129249
212.275626
212.293896
212.425748
212.373336
212.399413
212.383849
212.254385
212.207642
212.20979
212.153821
212.138183
212.100272
211.946264
211.766954
211.608714
211.517287
211.354629
211.326813
211.234757
211.076364
210.989626
210.93719
210.852339
210.729238
210.697755
210.756768
210.697939
210.670133
210.650417
210.637839
210.679782
210.697508
210.698685
210.69008
210.725884
210.709261
210.660837
210.685611
210.582101
210.408779
210.352263
210.321677
209.865521
209.49672
209.18572
208.896797
208.670756
208.442343
208.211837
208.090391
207.90124
207.715027
207.488008
207.282842
207.06803
206.88328
206.710595
206.567846
206.364716
206.166167
206.092212
206.017302
205.91744
205.8486
205.865002
205.758925
205.713534
205.625255
205.614858
205.721412
205.921531
206.001695
206.120659
206.230467
206.259863
206.305094
206.349831
206.466465
206.627259
206.759515
207.011248
207.146604
207.458938
207.512757
207.53132
207.581456
207.644989
207.811965
207.978608
208.116026
208.275874
208.460337
208.864229
209.085644
209.25211
209.485812
209.793318
210.045402
210.156958
210.356669
210.552202
210.652428
211.020557
211.273098
211.278973
211.322733
211.409573
211.471742
211.574826
211.742951
211.838278
211.869362
212.017344
212.389041
212.567578
212.80229
212.927447
213.148806
213.348976
213.650999
213.715007
213.781138
213.762345
213.620387
213.408313
213.43815
213.34393
213.178806
213.023441
212.891154
212.7503
212.606709
212.523389
212.363062
212.313193
212.254718
212.164537
212.133174
212.081385
212.021216
211.833099
211.749061
211.385575
211.330012
211.112206
210.900705
210.689946
210.542528
210.282236
209.994665
209.784283
209.574511
209.239904
209.09892
209.042011
208.938747
208.760819
208.714706
208.635435
208.536546
208.463743
208.259654
208.026504
207.868971
207.782991
207.639605
207.542
207.436575
207.343538
207.261433
207.160044
207.205585
207.038427
207.040394
207.114461
207.189469
207.241197
207.364
207.424153
207.457949
207.555283
207.61707
207.618553
207.692194
207.670384
207.786155
207.873856
207.893387
207.852758
207.826548
207.866104
207.819037
207.806434
207.877286
207.906058
207.878407
208.008311
208.185637
208.27944
208.420086
208.476697
208.39646
208.397982
208.196799
208.183205
208.161565
208.253375
208.372973
208.48334
208.609671
208.851354
208.871755
208.981379
209.189029
209.396389
209.646893
209.916183
210.129719
210.443539
210.845857
211.244299
211.629678
212.003529
212.294874
212.484476
212.738597
212.962858
213.170411
213.464484
213.762578
213.977425
214.133273
214.241875
214.241275
214.211814
214.267789
214.341297
214.300083
214.336042
214.382242
214.394081
214.341842
214.319852
214.430641
214.239088
214.166485
213.938463
213.621505
213.404477
213.179196
212.903233
212.659697
212.439955
212.303898
212.169362
211.987948
211.707299
211.575356
211.473384
211.258019
211.188513
211.103063
211.056586
210.962528
210.937387
210.900733
210.834632
210.728078
210.426695
210.257167
210.17989
210.106871
209.960458
209.879468
209.943013
209.921939
209.695992
209.501416
209.329704
209.149236
209.014084
208.928567
208.780768
208.664802
208.605861
208.495981
208.408656
208.379813
208.339892
208.217866
208.033025
207.937412
207.751771
207.684384
207.600805
207.459538
207.339693
207.28215
207.313344
207.31194
207.407142
207.510446
207.558213
207.518392
207.594157
207.675486
207.737615
207.806909
207.786086
207.777354
207.79858
207.826957
207.861643
207.93083
207.885802
207.894285
207.988569
207.999443
207.936708
207.977787
207.985106
207.928878
207.888901
207.930775
207.958084
208.011117
207.995231
208.029433
208.025861
208.23488
208.37594
208.312364
208.449141
208.704864
208.916073
209.063888
209.25702
209.412993
209.550639
209.739619
209.858173
209.895288
210.014839
210.265004
210.215738
210.244593
210.347209
210.355793
210.353725
210.371187
210.372132
210.411541
210.581338
210.591344
210.609818
210.655053
210.666041
210.666094
210.719183
210.679237
210.65845
210.62564
210.635262
210.648576
210.655503
210.656793
210.609712
210.645316
210.700846
210.865581
210.982027
211.079968
211.137468
211.400383
211.714379
212.083098
212.33134
212.5697
212.780052
212.936755
